Feature ranking:
1. feature 332 (0.252170)
2. feature 327 (0.112526)
3. feature 328 (0.089489)
4. feature 339 (0.055943)
5. feature 329 (0.028161)
6. feature 338 (0.014947)
7. feature 337 (0.014438)
8. feature 319 (0.013992)
9. feature 334 (0.013533)
10. feature 302 (0.011290)
11. feature 320 (0.011003)
12. feature 325 (0.010524)
13. feature 322 (0.010177)
14. feature 326 (0.009373)
15. feature 333 (0.009204)
16. feature 331 (0.008317)
17. feature 335 (0.008277)
18. feature 307 (0.008167)
19. feature 312 (0.008036)
20. feature 321 (0.007842)
21. feature 300 (0.007539)
22. feature 301 (0.006527)
23. feature 285 (0.005747)
24. feature 284 (0.005511)
25. feature 309 (0.005447)
26. feature 283 (0.005150)
27. feature 281 (0.004885)
28. feature 305 (0.004827)
29. feature 286 (0.004776)
30. feature 287 (0.004765)
31. feature 265 (0.004667)
32. feature 303 (0.004612)
33. feature 306 (0.004368)
34. feature 308 (0.004363)
35. feature 273 (0.004296)
36. feature 324 (0.004274)
37. feature 266 (0.004269)
38. feature 323 (0.004207)
39. feature 280 (0.004197)
40. feature 267 (0.004121)
41. feature 292 (0.003892)
42. feature 282 (0.003860)
43. feature 268 (0.003832)
44. feature 269 (0.003796)
45. feature 272 (0.003722)
46. feature 248 (0.003567)
47. feature 304 (0.003523)
48. feature 241 (0.003464)
49. feature 262 (0.003437)
50. feature 298 (0.003341)
51. feature 288 (0.003337)
52. feature 274 (0.003214)
53. feature 252 (0.003040)
54. feature 261 (0.003021)
55. feature 318 (0.003000)
56. feature 247 (0.002968)
57. feature 330 (0.002952)
58. feature 297 (0.002906)
59. feature 260 (0.002873)
60. feature 294 (0.002832)
61. feature 317 (0.002826)
62. feature 314 (0.002778)
63. feature 264 (0.002769)
64. feature 246 (0.002765)
65. feature 245 (0.002727)
66. feature 228 (0.002682)
67. feature 240 (0.002533)
68. feature 277 (0.002504)
69. feature 263 (0.002473)
70. feature 278 (0.002470)
71. feature 242 (0.002189)
72. feature 232 (0.002177)
73. feature 227 (0.002167)
74. feature 254 (0.002133)
75. feature 299 (0.002117)
76. feature 279 (0.002104)
77. feature 225 (0.002052)
78. feature 315 (0.002008)
79. feature 244 (0.001997)
80. feature 226 (0.001983)
81. feature 257 (0.001948)
82. feature 270 (0.001934)
83. feature 207 (0.001873)
84. feature 243 (0.001849)
85. feature 212 (0.001846)
86. feature 290 (0.001800)
87. feature 253 (0.001777)
88. feature 258 (0.001771)
89. feature 289 (0.001731)
90. feature 220 (0.001697)
91. feature 208 (0.001668)
92. feature 310 (0.001634)
93. feature 205 (0.001590)
94. feature 293 (0.001580)
95. feature 221 (0.001540)
96. feature 222 (0.001537)
97. feature 233 (0.001531)
98. feature 202 (0.001504)
99. feature 275 (0.001478)
100. feature 259 (0.001458)
101. feature 206 (0.001455)
102. feature 295 (0.001428)
103. feature 187 (0.001319)
104. feature 186 (0.001286)
105. feature 237 (0.001247)
106. feature 201 (0.001198)
107. feature 234 (0.001186)
108. feature 238 (0.001170)
109. feature 224 (0.001169)
110. feature 239 (0.001167)
111. feature 223 (0.001160)
112. feature 188 (0.001136)
113. feature 200 (0.001100)
114. feature 185 (0.001099)
115. feature 192 (0.001098)
116. feature 218 (0.001010)
117. feature 214 (0.001003)
118. feature 255 (0.000957)
119. feature 180 (0.000912)
120. feature 166 (0.000900)
121. feature 204 (0.000897)
122. feature 182 (0.000866)
123. feature 203 (0.000865)
124. feature 165 (0.000853)
125. feature 213 (0.000847)
126. feature 313 (0.000839)
127. feature 229 (0.000825)
128. feature 168 (0.000825)
129. feature 183 (0.000821)
130. feature 172 (0.000786)
131. feature 249 (0.000767)
132. feature 217 (0.000767)
133. feature 230 (0.000757)
134. feature 181 (0.000745)
135. feature 296 (0.000719)
136. feature 197 (0.000693)
137. feature 184 (0.000629)
138. feature 219 (0.000606)
139. feature 194 (0.000572)
140. feature 162 (0.000571)
141. feature 167 (0.000566)
142. feature 160 (0.000558)
143. feature 198 (0.000557)
144. feature 163 (0.000546)
145. feature 193 (0.000542)
146. feature 215 (0.000521)
147. feature 152 (0.000488)
148. feature 161 (0.000478)
149. feature 164 (0.000474)
150. feature 235 (0.000458)
151. feature 250 (0.000456)
152. feature 178 (0.000448)
153. feature 177 (0.000441)
154. feature 291 (0.000439)
155. feature 147 (0.000399)
156. feature 148 (0.000398)
157. feature 199 (0.000387)
158. feature 271 (0.000372)
159. feature 174 (0.000349)
160. feature 189 (0.000345)
161. feature 146 (0.000339)
162. feature 145 (0.000325)
163. feature 209 (0.000305)
164. feature 195 (0.000301)
165. feature 153 (0.000285)
166. feature 210 (0.000283)
167. feature 276 (0.000267)
168. feature 173 (0.000244)
169. feature 128 (0.000242)
170. feature 142 (0.000236)
171. feature 125 (0.000235)
172. feature 236 (0.000230)
173. feature 216 (0.000218)
174. feature 190 (0.000214)
175. feature 251 (0.000209)
176. feature 169 (0.000203)
177. feature 132 (0.000202)
178. feature 158 (0.000198)
179. feature 121 (0.000192)
180. feature 157 (0.000189)
181. feature 154 (0.000185)
182. feature 175 (0.000177)
183. feature 179 (0.000168)
184. feature 211 (0.000167)
185. feature 143 (0.000164)
186. feature 141 (0.000162)
187. feature 140 (0.000156)
188. feature 120 (0.000149)
189. feature 144 (0.000142)
190. feature 127 (0.000137)
191. feature 231 (0.000133)
192. feature 126 (0.000117)
193. feature 159 (0.000112)
194. feature 150 (0.000104)
195. feature 105 (0.000104)
196. feature 102 (0.000099)
197. feature 134 (0.000096)
198. feature 122 (0.000090)
199. feature 191 (0.000085)
200. feature 123 (0.000081)
201. feature 149 (0.000080)
202. feature 138 (0.000079)
203. feature 137 (0.000079)
204. feature 311 (0.000079)
205. feature 106 (0.000071)
206. feature 108 (0.000066)
207. feature 155 (0.000061)
208. feature 107 (0.000060)
209. feature 171 (0.000048)
210. feature 112 (0.000047)
211. feature 124 (0.000044)
212. feature 196 (0.000042)
213. feature 135 (0.000036)
214. feature 170 (0.000036)
215. feature 256 (0.000030)
216. feature 103 (0.000029)
217. feature 118 (0.000026)
218. feature 114 (0.000025)
219. feature 88 (0.000025)
220. feature 115 (0.000019)
221. feature 133 (0.000018)
222. feature 42 (0.000018)
223. feature 131 (0.000015)
224. feature 139 (0.000015)
225. feature 85 (0.000015)
226. feature 72 (0.000012)
227. feature 117 (0.000012)
228. feature 129 (0.000011)
229. feature 92 (0.000009)
230. feature 64 (0.000008)
231. feature 87 (0.000008)
232. feature 136 (0.000008)
233. feature 52 (0.000008)
234. feature 101 (0.000007)
235. feature 63 (0.000007)
236. feature 119 (0.000007)
237. feature 99 (0.000007)
238. feature 33 (0.000006)
239. feature 100 (0.000006)
240. feature 80 (0.000006)
241. feature 41 (0.000006)
242. feature 66 (0.000006)
243. feature 67 (0.000005)
244. feature 98 (0.000005)
245. feature 93 (0.000005)
246. feature 86 (0.000005)
247. feature 94 (0.000005)
248. feature 97 (0.000005)
249. feature 62 (0.000003)
250. feature 83 (0.000003)
251. feature 65 (0.000002)
252. feature 81 (0.000002)
253. feature 61 (0.000002)
254. feature 46 (0.000002)
255. feature 84 (0.000001)
256. feature 73 (0.000001)
257. feature 156 (0.000001)
258. feature 104 (0.000001)
259. feature 130 (0.000001)
260. feature 82 (0.000000)
261. feature 89 (0.000000)
262. feature 22 (0.000000)
263. feature 23 (0.000000)
264. feature 24 (0.000000)
265. feature 25 (0.000000)
266. feature 26 (0.000000)
267. feature 27 (0.000000)
268. feature 28 (0.000000)
269. feature 31 (0.000000)
270. feature 29 (0.000000)
271. feature 30 (0.000000)
272. feature 32 (0.000000)
273. feature 176 (0.000000)
274. feature 34 (0.000000)
275. feature 35 (0.000000)
276. feature 36 (0.000000)
277. feature 37 (0.000000)
278. feature 21 (0.000000)
279. feature 19 (0.000000)
280. feature 20 (0.000000)
281. feature 9 (0.000000)
282. feature 1 (0.000000)
283. feature 2 (0.000000)
284. feature 3 (0.000000)
285. feature 4 (0.000000)
286. feature 5 (0.000000)
287. feature 6 (0.000000)
288. feature 7 (0.000000)
289. feature 8 (0.000000)
290. feature 10 (0.000000)
291. feature 39 (0.000000)
292. feature 11 (0.000000)
293. feature 12 (0.000000)
294. feature 13 (0.000000)
295. feature 14 (0.000000)
296. feature 15 (0.000000)
297. feature 16 (0.000000)
298. feature 17 (0.000000)
299. feature 18 (0.000000)
300. feature 38 (0.000000)
301. feature 43 (0.000000)
302. feature 40 (0.000000)
303. feature 74 (0.000000)
304. feature 111 (0.000000)
305. feature 110 (0.000000)
306. feature 68 (0.000000)
307. feature 69 (0.000000)
308. feature 70 (0.000000)
309. feature 71 (0.000000)
310. feature 109 (0.000000)
311. feature 75 (0.000000)
312. feature 116 (0.000000)
313. feature 76 (0.000000)
314. feature 77 (0.000000)
315. feature 78 (0.000000)
316. feature 79 (0.000000)
317. feature 96 (0.000000)
318. feature 95 (0.000000)
319. feature 91 (0.000000)
320. feature 113 (0.000000)
321. feature 336 (0.000000)
322. feature 151 (0.000000)
323. feature 51 (0.000000)
324. feature 90 (0.000000)
325. feature 44 (0.000000)
326. feature 45 (0.000000)
327. feature 47 (0.000000)
328. feature 48 (0.000000)
329. feature 49 (0.000000)
330. feature 50 (0.000000)
331. feature 53 (0.000000)
332. feature 316 (0.000000)
333. feature 54 (0.000000)
334. feature 55 (0.000000)
335. feature 56 (0.000000)
336. feature 57 (0.000000)
337. feature 58 (0.000000)
338. feature 59 (0.000000)
339. feature 60 (0.000000)
340. feature 0 (0.000000)
